VFunction
1 1 1 1/3
1 1 2 1
1 1 3 11/3
1 1 4 16/5
1 3 1 -1/12
1 4 1 -1/20
2 1 1 1/3
2 1 3 -1/12
2 1 4 -1/20
2 2 3 -14/75
2 2 4 -1/10
2 3 1 -1/12
2 4 1 -1/20
2 4 2 -1/10
3 1 1 1/3
3 1 3 -1/12
3 1 4 -1/20
3 2 1 1
3 2 3 -14/75
3 3 1 11/3
3 3 2 646/75
3 4 1 16/5
3 4 2 32/5
VFunction
1 1 3 -5/4
1 1 4 -5/4
1 2 2 1
1 3 1 -5/4
1 4 1 -5/4
2 1 3 -5/4
2 1 4 -5/4
2 2 3 -3
2 2 4 -5/2
3 3 1 -5/4
3 3 2 -3
3 4 1 -5/4
3 4 2 -5/2
VFunction
1 2 3 1
3 3 2 -1
VFunction
1 2 4 1
3 4 2 -1
VFunction
1 3 2 1
2 2 3 -1
VFunction
1 4 2 1
2 2 4 -1
VFunction
1 1 1 1/3
1 1 3 -1/12
1 1 4 -1/20
1 2 1 1
1 3 1 11/3
1 4 1 16/5
2 1 1 1/3
2 1 2 1
2 1 3 11/3
2 1 4 16/5
2 2 3 646/75
2 2 4 32/5
2 3 1 -1/12
2 4 1 -1/20
2 4 2 -1/10
3 1 1 1/3
3 1 3 -1/12
3 1 4 -1/20
3 2 3 -14/75
3 3 1 -1/12
3 3 2 -14/75
3 4 1 -1/20
3 4 2 -1/10
VFunction
1 3 1 -5/4
1 4 1 -5/4
2 1 3 -5/4
2 1 4 -5/4
2 2 2 1
2 2 3 -3
2 2 4 -5/2
2 3 1 -5/4
2 4 1 -5/4
2 4 2 -5/2
3 1 3 -5/4
3 1 4 -5/4
3 2 3 -3
VFunction
2 3 2 1
3 2 3 -1
VFunction
1 1 1 1/3
1 1 3 -1/12
1 1 4 -1/20
1 3 1 -1/12
1 4 1 -1/20
2 1 1 1/3
2 1 3 -1/12
2 1 4 -1/20
2 2 1 1
2 2 3 -14/75
2 2 4 -1/10
2 3 1 11/3
2 4 1 16/5
2 4 2 32/5
3 1 1 1/3
3 1 2 1
3 1 3 11/3
3 1 4 16/5
3 2 3 646/75
3 3 1 -1/12
3 3 2 -14/75
3 4 1 -1/20
3 4 2 -1/10
VFunction
1 1 3 -5/4
1 1 4 -5/4
2 3 1 -5/4
2 4 1 -5/4
2 4 2 -5/2
3 1 3 -5/4
3 1 4 -5/4
3 2 2 1
3 2 3 -3
3 3 1 -5/4
3 3 2 -3
3 4 1 -5/4
3 4 2 -5/2
VFunction
2 4 2 -1
3 2 4 1
